2.500000000000000000e+01
7.500000000000000000e+01
1.278479995727539062e+02
1.867169952392578125e+02
2.522920074462890625e+02
3.253380126953125000e+02
4.067059936523437500e+02
4.973429870605468750e+02
5.983060302734375000e+02
7.107719726562500000e+02
8.360490112304687500e+02
9.755989990234375000e+02
1.131046997070312500e+03
1.304203979492187500e+03
1.497088989257812500e+03
1.711947021484375000e+03
1.951281982421875000e+03
2.217884033203125000e+03
2.514857910156250000e+03
2.845665039062500000e+03
3.214157958984375000e+03
3.624632080078125000e+03
4.081867919921875000e+03
4.581868164062500000e+03
5.081868164062500000e+03
5.581868164062500000e+03
6.081868164062500000e+03
6.581868164062500000e+03
7.081868164062500000e+03
7.581868164062500000e+03
8.081868164062500000e+03
8.581868164062500000e+03
9.081868164062500000e+03
9.581868164062500000e+03
1.008186816406250000e+04
1.058186816406250000e+04
1.108186816406250000e+04
1.158186816406250000e+04
1.208186816406250000e+04
1.258186816406250000e+04
1.308186816406250000e+04
1.358186816406250000e+04
1.408186816406250000e+04
1.458186816406250000e+04
1.508186816406250000e+04
1.558186816406250000e+04
1.608186816406250000e+04
1.658186718750000000e+04
1.708186718750000000e+04
1.758186718750000000e+04
1.808186718750000000e+04
1.858186718750000000e+04
1.908186718750000000e+04
1.958186718750000000e+04
2.008186718750000000e+04
2.059005468750000000e+04
2.114906054687500000e+04
2.176396679687500000e+04
2.244036328125000000e+04
2.318440039062500000e+04
2.400283984375000000e+04
2.490312304687500000e+04
2.589343554687500000e+04
2.698277929687500000e+04
